#####-----工业相机参数-----#####
camera_name: "mindvision"
exposure_ms: 2
gamma: 0.5
vid_pid: "f622:d13a"

# 重投影误差: 0.1944px
camera_matrix: [1295.4665175006589, 0, 655.71498478800618, 0, 1297.2591156991834, 506.21320670125334, 0, 0, 1]
distort_coeffs: [-0.48599095566724387, 0.23999516531343185, -0.00029018466701866776, -0.00083639963030895752, 0]
