pattern_cols: 10
pattern_rows: 7
center_distance_mm: 40

#  0  1  0
# -1  0  0
#  0  0  1
# R_gimbal2imubody: [0, 1, 0, 1, 0, 0, 0, 0, 1]
R_gimbal2imubody: [0, 1, 0, -1, 0, 0, 0, 0, 1]

# 重投影误差: 0.1541px
camera_matrix: [2387.2147932242888, 0, 686.34524678747948, 0, 2387.4543829926574, 558.14351239364782, 0, 0, 1]
distort_coeffs: [-0.01687008657547975, -0.0033348779669969838, 0.0015597112269685094, -0.0043794657500283267, 0]

# 相机同理想情况的偏角: yaw-1.96 pitch-14.63 roll2.02 degree
# 标定板到世界坐标系原点的水平距离: 1.18 m
# 标定板同竖直摆放时的偏角: yaw159.75 pitch8.39 roll3.52 degree
R_camera2gimbal: [0.025252513363553837, -0.25339644609557527, 0.96703285966659658, -0.99909722060560258, 0.026659828194520108, 0.033075630588054704, -0.034162177140550115, -0.96699508513061772, -0.25249445733767462]
t_camera2gimbal: [0.15534974944089203, 0.0080373454275713373, 0.082417470891242031]

