pattern_cols: 10
pattern_rows: 7
center_distance_mm: 40

#  0  1  0
# -1  0  0
#  0  0  1
# R_gimbal2imubody: [0, 1, 0, 1, 0, 0, 0, 0, 1]
R_gimbal2imubody: [0, 1, 0, -1, 0, 0, 0, 0, 1]

# 重投影误差: 0.1556px
camera_matrix: [2391.3053982003707, 0, 712.10010962272997, 0, 2395.4350293001912, 565.14256301608646, 0, 0, 1]
distort_coeffs: [-0.033236606610655042, 0.14465048798632121, 0.0020420240258412991, -0.0022545659799314815, 0]

# 相机同理想情况的偏角: yaw-0.06 pitch-8.48 roll-0.79 degree
# 标定板到世界坐标系原点的水平距离: 1.16 m
# 标定板同竖直摆放时的偏角: yaw-54.95 pitch0.68 roll0.30 degree
R_camera2gimbal: [0.0030359702171573223, -0.14746712264768208, 0.98906229865608286, -0.99990350963708552, -0.013855123518389946, 0.0010034778167691512, 0.013555600328983083, -0.98896991020470537, -0.14749495723385683]
t_camera2gimbal: [0.15191571562965309, 0.0050418462464569408, 0.09244052887938152]

