pattern_cols: 10
pattern_rows: 7
center_distance_mm: 40

#  0  1  0
# -1  0  0
#  0  0  1
# R_gimbal2imubody: [0, 1, 0, 1, 0, 0, 0, 0, 1]
R_gimbal2imubody: [0, 1, 0, -1, 0, 0, 0, 0, 1]

# 重投影误差: 0.1576px
camera_matrix: [2441.6690177460059, 0, 772.46535486227981, 0, 2442.3490610816116, 544.04751731640772, 0, 0, 1]
distort_coeffs: [-0.037255083620226198, 0.11112974147297873, -0.0011211864776042313, 0.0040052998588710094, 0]

# 相机同理想情况的偏角: yaw-0.23 pitch-10.36 roll2.46 degree
# 标定板到世界坐标系原点的水平距离: 1.17 m
# 标定板同竖直摆放时的偏角: yaw-24.48 pitch1.45 roll2.52 degree
R_camera2gimbal: [-0.0037652878240577304, -0.17975906264721331, 0.98370346243357165, -0.99910203211462434, 0.042190426831323687, 0.0038855254752446942, -0.042201327372845251, -0.98280549819381147, -0.1797565038822907]
t_camera2gimbal: [0.053962985830143563, -0.01985406381948595, 0.10112272939750104]
