pattern_cols: 10
pattern_rows: 7
center_distance_mm: 40

#  0  1  0
# -1  0  0
#  0  0  1
# R_gimbal2imubody: [0, 1, 0, 1, 0, 0, 0, 0, 1]
R_gimbal2imubody: [0, 1, 0, -1, 0, 0, 0, 0, 1]

# 重投影误差: 0.2016px
camera_matrix: [3281.1194891950627, 0, 787.72720411958494, 0, 3296.2006367946055, 618.34108021512577, 0, 0, 1]
distort_coeffs: [-0.031611286752727612, 0.3744100186381652, -0.0015923756294617532, 0.0045630893276015572, 0]

# 相机同理想情况的偏角: yaw2.81 pitch-1.40 roll4.65 degree
# 标定板到世界坐标系原点的水平距离: 1.87 m
# 标定板同竖直摆放时的偏角: yaw106.25 pitch14.90 roll5.17 degree
R_camera2gimbal: [-0.050894480983402463, -0.020295713066050915, 0.99849778960024271, -0.99541054016021724, 0.082160055754202793, -0.049067115020254071, -0.081040781976574161, -0.9964124694470694, -0.024384060101192002]
t_camera2gimbal: [0.50880074162854561, 0.040571784393383034, 0.0071977492356469514]

