pattern_cols: 10
pattern_rows: 7
center_distance_mm: 40

#  0  1  0
# -1  0  0
#  0  0  1
# R_gimbal2imubody: [0, 1, 0, 1, 0, 0, 0, 0, 1]
R_gimbal2imubody: [0, 1, 0, -1, 0, 0, 0, 0, 1]

# 重投影误差: 0.1163px
camera_matrix: [3637.7109807339057, 0, 429.90560659872358, 0, 3641.0929221714173, 849.87888593269815, 0, 0, 1]
distort_coeffs: [-0.016278704388422841, 0.20656726151744312, 0.0059288961301973385, -0.0078053782037311578, 0]

# 相机同理想情况的偏角: yaw-0.91 pitch-6.88 roll2.59 degree
# 标定板到世界坐标系原点的水平距离: 2.20 m
# 标定板同竖直摆放时的偏角: yaw-158.19 pitch-0.85 roll2.34 degree
R_camera2gimbal: [0.010439086435712197, -0.12027721585828019, 0.99268545714126821, -0.99894071314127642, 0.043238685096716502, 0.015743815925788884, -0.044816036227959592, -0.99179826953694949, -0.11969843541302649]
t_camera2gimbal: [0.11732176763587918, 0.087854092067650172, 0.039610646093836376]

