pattern_cols: 10
pattern_rows: 7
center_distance_mm: 40

#  0  1  0
# -1  0  0
#  0  0  1
# R_gimbal2imubody: [0, 1, 0, 1, 0, 0, 0, 0, 1]
R_gimbal2imubody: [0, 1, 0, -1, 0, 0, 0, 0, 1]

# 重投影误差: 0.1847px
camera_matrix: [2361.7776681249516, 0, 786.2911201595864, 0, 2363.8426834684383, 521.01386844039087, 0, 0, 1]
distort_coeffs: [-0.032547174474272376, 0.1009377604412582, -0.0021446907305249147, 0.0050183312730732108, 0]

# 相机同理想情况的偏角: yaw0.37 pitch-5.89 roll2.75 degree
# 标定板到世界坐标系原点的水平距离: 1.26 m
# 标定板同竖直摆放时的偏角: yaw-179.14 pitch0.39 roll2.08 degree
R_camera2gimbal: [-0.011370369584798819, -0.10226202798740516, 0.99469251144633053, -0.99879767643173945, 0.048600149493707771, -0.0064208273413687228, -0.047685597931277926, -0.99356957637655774, -0.10269167760263775]
t_camera2gimbal: [0.19149359689076095, -0.017613759549484811, 0.10561370751111775]

