pattern_cols: 10
pattern_rows: 7
center_distance_mm: 40

#  0  1  0
# -1  0  0
#  0  0  1
# R_gimbal2imubody: [0, 1, 0, 1, 0, 0, 0, 0, 1]
R_gimbal2imubody: [0, 1, 0, -1, 0, 0, 0, 0, 1]

# 重投影误差: 0.1561px
camera_matrix: [2374.7960561484601, 0, 725.22773943699656, 0, 2379.2011879327283, 566.20273332319096, 0, 0, 1]
distort_coeffs: [-0.035428427684218014, 0.13677359489651, 0.0022629394385435555, -0.0015485430098798542, 0]

# 相机同理想情况的偏角: yaw-0.30 pitch-7.68 roll-3.91 degree
# 标定板到世界坐标系原点的水平距离: 1.16 m
# 标定板同竖直摆放时的偏角: yaw103.51 pitch1.42 roll-4.56 degree
R_camera2gimbal: [0.014354490036950765, -0.13301430844211859, 0.99101016259443286, -0.99760637032066179, -0.068953180508604023, 0.0051950739534817178, 0.067642283458006908, -0.98871262389402736, -0.13368570918828179]
t_camera2gimbal: [0.15017696013333232, 0.0027972175536544346, 0.092258927884909733]

