pattern_cols: 10
pattern_rows: 7
center_distance_mm: 40

#  0  1  0
# -1  0  0
#  0  0  1
# R_gimbal2imubody: [0, 1, 0, 1, 0, 0, 0, 0, 1]
R_gimbal2imubody: [0, 1, 0, -1, 0, 0, 0, 0, 1]

# 重投影误差: 0.1714px
camera_matrix: [2336.8747141497033, 0, 731.75316240497511, 0, 2341.7695512231685, 528.09897954384235, 0, 0, 1]
distort_coeffs: [-0.01531661656231261, 0.0023598565927001221, 0.0007067488226429351, -0.0017562324455039577, 0]

# 相机同理想情况的偏角: yaw1.92 pitch-15.86 roll-6.90 degree
# 标定板到世界坐标系原点的水平距离: 1.31 m
# 标定板同竖直摆放时的偏角: yaw6.19 pitch4.35 roll-5.04 degree
R_camera2gimbal: [-0.00053679967721660552, -0.27521605848371172, 0.96138225123974275, -0.99330379073032116, -0.11092223561915637, -0.032308465856836527, 0.11553047722086393, -0.95496197767133018, -0.27331361114145208]
t_camera2gimbal: [0.23938598868513136, -0.0042472296642928611, 0.0763962265116888]

