pattern_cols: 10
pattern_rows: 7
center_distance_mm: 40

#  0  1  0
# -1  0  0
#  0  0  1
# R_gimbal2imubody: [0, 1, 0, 1, 0, 0, 0, 0, 1]
R_gimbal2imubody: [0, 1, 0, -1, 0, 0, 0, 0, 1]

# 重投影误差: 0.1769px
camera_matrix: [2379.676235334151, 0, 782.03053758247904, 0, 2382.2721193206094, 520.08254993812056, 0, 0, 1]
distort_coeffs: [-0.028563213181553884, 0.10214543320084286, -0.002421046087840756, 0.0045144215185173101, 0]

# 相机同理想情况的偏角: yaw-179.33 pitch-15.55 roll-5.40 degree
# 标定板到世界坐标系原点的水平距离: 1.23 m
# 标定板同竖直摆放时的偏角: yaw-173.39 pitch3.11 roll-2.82 degree
R_camera2gimbal: [-0.013409595385555315, 0.26790225416404462, -0.96335277285396281, 0.99578934226605909, 0.090955332331056696, 0.01143299391568102, 0.090684996448831948, -0.95914311222797743, -0.26799388367032678]
t_camera2gimbal: [-0.1405666778372277, -0.0055918425756267378, 0.097779906225091348]

