pattern_cols: 10
pattern_rows: 7
center_distance_mm: 40

#  0  1  0
# -1  0  0
#  0  0  1
# R_gimbal2imubody: [0, 1, 0, 1, 0, 0, 0, 0, 1]
R_gimbal2imubody: [0, 1, 0, -1, 0, 0, 0, 0, 1]

# 重投影误差: 0.1047px
camera_matrix: [3462.3384596664364, 0, 406.59610725024356, 0, 3461.4225797883632, 773.49366268965593, 0, 0, 1]
distort_coeffs: [-0.033536532943021689, 0.21606117253282708, 0.0016507323910195724, -0.0078150056283465916, 0]

# 相机同理想情况的偏角: yaw-0.58 pitch-6.65 roll3.43 degree
# 标定板到世界坐标系原点的水平距离: 2.50 m
# 标定板同竖直摆放时的偏角: yaw47.27 pitch4.56 roll3.62 degree
R_camera2gimbal: [0.0030894748073682621, -0.11624875392343266, 0.99321532527275425, -0.99822454722795828, 0.058721320508682756, 0.0099779671904566426, -0.059482841702056512, -0.99148274504852862, -0.11586094171066598]
t_camera2gimbal: [0.27574654189883785, 0.10134179021759918, 0.050583995917665242]

