pattern_cols: 10
pattern_rows: 7
center_distance_mm: 40

# -1  0  0
#  0 -1  0
#  0  0  1
R_gimbal2imubody: [-1, 0, 0, 0, -1, 0, 0, 0, 1]

# 重投影误差: 0.3189px
camera_matrix: [2828.8096763006047, 0, 572.59074007624326, 0, 2835.6376854544947, 462.4247915224484, 0, 0, 1]
distort_coeffs: [-0.60087900203278277, 0.77617130348199981, 0.0032889497341138311, 0.010265755504696382, 0]
