pattern_cols: 10
pattern_rows: 7
center_distance_mm: 40

#  0  1  0
# -1  0  0
#  0  0  1
# R_gimbal2imubody: [0, 1, 0, 1, 0, 0, 0, 0, 1]
R_gimbal2imubody: [0, -1, 0, 1, 0, 0, 0, 0, 1]

# 重投影误差: 0.1389px
camera_matrix: [2566.7391257103741, 0, 806.77939911661861, 0, 2569.7158739432389, 507.41324974649234, 0, 0, 1]
distort_coeffs: [-0.16029610692958901, 0.14781397543291738, -0.000624299365349085, -0.00013604326126562645, 0]

# 相机同理想情况的偏角: yaw0.19 pitch-9.02 roll-4.10 degree
# 标定板到世界坐标系原点的水平距离: 1.32 m
# 标定板同竖直摆放时的偏角: yaw9.24 pitch2.47 roll-3.78 degree
R_camera2gimbal: [0.0078705365390642559, -0.15658136765608838, 0.98763370231960823, -0.99747446306161247, -0.070949340509925254, -0.0032994880140057633, 0.070588598190749891, -0.98511342818182901, -0.15674432500511559]
t_camera2gimbal: [0.13990558307337181, -0.073785072653870368, 0.15283084917076614]
