pattern_cols: 10
pattern_rows: 7
center_distance_mm: 40

#  0  1  0
# -1  0  0
#  0  0  1
# R_gimbal2imubody: [0, 1, 0, 1, 0, 0, 0, 0, 1]
R_gimbal2imubody: [0, 1, 0, -1, 0, 0, 0, 0, 1]

# 重投影误差: 0.1812px
camera_matrix: [2501.4856821872168, 0, 727.74932023203144, 0, 2503.3309119075238, 579.0623337953482, 0, 0, 1]
distort_coeffs: [-0.01796506540676639, 0.080647030613168608, 0.00078550894982127857, -0.0025719183126216077, 0]

# 相机同理想情况的偏角: yaw0.35 pitch-16.40 roll-1.53 degree
# 标定板到世界坐标系原点的水平距离: 1.20 m
# 标定板同竖直摆放时的偏角: yaw36.95 pitch0.47 roll0.16 degree
R_camera2gimbal: [0.0014893032630333232, -0.28242622853493465, 0.95928786472639349, -0.99966984831914585, -0.025027275392141585, -0.0058163431829103647, 0.025651049439861219, -0.95896249192655025, -0.28237025824377293]
t_camera2gimbal: [0.061328745054959791, -0.012604512027520406, 0.10393073804602929]

