pattern_cols: 10
pattern_rows: 7
center_distance_mm: 40

#  0  1  0
# -1  0  0
#  0  0  1
# R_gimbal2imubody: [0, 1, 0, 1, 0, 0, 0, 0, 1]
R_gimbal2imubody: [0, 1, 0, -1, 0, 0, 0, 0, 1]

# 重投影误差: 0.1428px
camera_matrix: [2557.0146522989821, 0, 708.17990848530269, 0, 2558.2049471116147, 576.09721496452119, 0, 0, 1]
distort_coeffs: [-0.16472120944114266, 0.20324252223620828, 4.1831726509608258e-05, -0.0024321330176068404, 0]

# 相机同理想情况的偏角: yaw-0.08 pitch-13.32 roll-1.45 degree
R_camera2gimbal: [0.0073018328648028511, -0.23032601684302989, 0.97308612630231206, -0.99966938211374978, -0.025672882555568224, 0.0014246282326727147, 0.024653796890698524, -0.97277480902134428, -0.23043732603977132]
t_camera2gimbal: [0.20677372392138404, 0.0015220844963601498, 0.091472064261362312]

