pattern_cols: 10
pattern_rows: 7
center_distance_mm: 40

#  0  1  0
# -1  0  0
#  0  0  1
# R_gimbal2imubody: [0, 1, 0, 1, 0, 0, 0, 0, 1]
R_gimbal2imubody: [0, -1, 0, 1, 0, 0, 0, 0, 1]

# 重投影误差: 0.1271px
camera_matrix: [2411.783030839254, 0, 711.50804759382697, 0, 2415.2630893611927, 549.16780636435703, 0, 0, 1]
distort_coeffs: [-0.030307196546221767, 0.16522502073246384, 0.00068064865643076723, -0.0030867827075381732, 0]

# 相机同理想情况的偏角: yaw0.24 pitch-6.42 roll-3.36 degree
# 标定板到世界坐标系原点的水平距离: 1.17 m
# 标定板同竖直摆放时的偏角: yaw103.91 pitch1.82 roll-4.88 degree
R_camera2gimbal: [0.002349832321543139, -0.11193183542988548, 0.99371310875189589, -0.99829645137879119, -0.058194523013655096, -0.0041943599900663665, 0.058298142788374731, -0.99201041411293156, -0.11187790147708376]
t_camera2gimbal: [0.079266697104275474, -0.057122204280708723, 0.15565552222533804]
