pattern_cols: 10
pattern_rows: 7
center_distance_mm: 40

#  0  1  0
# -1  0  0
#  0  0  1
# R_gimbal2imubody: [0, 1, 0, 1, 0, 0, 0, 0, 1]
R_gimbal2imubody: [0, 1, 0, -1, 0, 0, 0, 0, 1]

# 重投影误差: 0.1769px
camera_matrix: [2379.676235334151, 0, 782.03053758247904, 0, 2382.2721193206094, 520.08254993812056, 0, 0, 1]
distort_coeffs: [-0.028563213181553884, 0.10214543320084286, -0.002421046087840756, 0.0045144215185173101, 0]

# 相机同理想情况的偏角: yaw1.38 pitch-15.32 roll-3.01 degree
# 标定板到世界坐标系原点的水平距离: 1.27 m
# 标定板同竖直摆放时的偏角: yaw7.66 pitch3.39 roll-0.24 degree
R_camera2gimbal: [-0.010169647672226806, -0.26508754891616165, 0.96417071604350491, -0.998667136104745, -0.046101167471982701, -0.023208481683785906, 0.050601675175523525, -0.96312162978895977, -0.26426539066266141]
t_camera2gimbal: [0.1952533333647832, -0.0060434503591062991, 0.091500818885876925]

