enemy_color: "blue"
# enemy_color: "red"

R_gimbal2imubody: [0, 1, 0, -1, 0, 0, 0, 0, 1]

# 重投影误差: 0.1847px
camera_matrix: [2361.7776681249516, 0, 786.2911201595864, 0, 2363.8426834684383, 521.01386844039087, 0, 0, 1]
distort_coeffs: [-0.032547174474272376, 0.1009377604412582, -0.0021446907305249147, 0.0050183312730732108, 0]

# 相机同理想情况的偏角: yaw0.37 pitch-5.89 roll2.75 degree
# 标定板到世界坐标系原点的水平距离: 1.26 m
# 标定板同竖直摆放时的偏角: yaw-179.14 pitch0.39 roll2.08 degree
R_camera2gimbal: [-0.011370369584798819, -0.10226202798740516, 0.99469251144633053, -0.99879767643173945, 0.048600149493707771, -0.0064208273413687228, -0.047685597931277926, -0.99356957637655774, -0.10269167760263775]
t_camera2gimbal: [0.19149359689076095, -0.017613759549484811, 0.10561370751111775]


# model: assets/tiny_resnet.onnx

threshold: 150
max_angle_error: 45 # degree
min_lightbar_ratio: 2
max_lightbar_ratio: 20
min_lightbar_length: 8
min_armor_ratio: 1
max_armor_ratio: 5
max_side_ratio: 1.3
max_rectangular_error: 25 # degree
# min_confidence: 0.8

min_detect_count: 20
max_temp_lost_count: 10

yaw_offset: 0.30 # degree -right
pitch_offset: -0.3 # degree +up
direction: -1
comming_angle: 60 # degree
leaving_angle: 10 # degree
shoot_delay: 0.083 #0.52
mouse_to_fire: 0.06

camera_name: "hikrobot"
exposure_ms: 2.0
gain: 16.5
vid_pid: "2bdf:0001"

#####-----神经网络参数-----#####
classify_model: assets/tiny_resnet.onnx
yolo11_model_path: assets/yolo11.xml
yolov8_model_path: assets/yolov8.xml
device: AUTO
min_confidence: 0.8
yolo_name: yolov5
yolov5_model_path: assets/yolov5.xml

#####-----ROI-----#####
use_roi: true
roi:
  x: 240
  y: 0
  width: 960 # 1440 in full
  height: 960

max_fire_error_yaw: 0.2 
max_fire_error_pitch: 0.1
max_shoot_angle: 40
