enemy_color: "blue"
# enemy_color: "red"

R_gimbal2imubody: [0, -1, 0, 1, 0, 0, 0, 0, 1]

# 重投影误差: 0.1271px
camera_matrix: [2411.783030839254, 0, 711.50804759382697, 0, 2415.2630893611927, 549.16780636435703, 0, 0, 1]
distort_coeffs: [-0.030307196546221767, 0.16522502073246384, 0.00068064865643076723, -0.0030867827075381732, 0]

# 相机同理想情况的偏角: yaw0.24 pitch-6.42 roll-3.36 degree
R_camera2gimbal: [0.002349832321543139, -0.11193183542988548, 0.99371310875189589, -0.99829645137879119, -0.058194523013655096, -0.0041943599900663665, 0.058298142788374731, -0.99201041411293156, -0.11187790147708376]
t_camera2gimbal: [0.079266697104275474, -0.057122204280708723, 0.15565552222533804]

model: assets/tiny_resnet.onnx

threshold: 150
max_angle_error: 45 # degree
min_lightbar_ratio: 2
max_lightbar_ratio: 20
min_lightbar_length: 8
min_armor_ratio: 1
max_armor_ratio: 5
max_side_ratio: 1.3
max_rectangular_error: 25 # degree
min_confidence: 0.8

min_detect_count: 5
max_temp_lost_count: 20

yaw_offset: 0.5 # degree -right
pitch_offset: -0.2 # degree +up
direction: 1
comming_angle: 60 # degree
leaving_angle: 10 # degree
shoot_delay: 0.01 #0.52

camera_name: "hikrobot"
exposure_ms: 5
gain: 16.5

#####-----神经网络参数-----#####
classify_model: assets/tiny_resnet.onnx
model_path: assets/last.xml
device: AUTO
min_confidence: 0.8

#####-----新增的ROI-----#####
roi:
  x: 420
  y: 50
  width: 600
  height: 600
