enemy_color: "blue"
# enemy_color: "red"

R_gimbal2imubody: [0, 1, 0, -1, 0, 0, 0, 0, 1]

# 重投影误差: 0.1556px
camera_matrix: [2391.3053982003707, 0, 712.10010962272997, 0, 2395.4350293001912, 565.14256301608646, 0, 0, 1]
distort_coeffs: [-0.033236606610655042, 0.14465048798632121, 0.0020420240258412991, -0.0022545659799314815, 0]

# 相机同理想情况的偏角: yaw-0.06 pitch-8.48 roll-0.79 degree
R_camera2gimbal: [0.0030359702171573223, -0.14746712264768208, 0.98906229865608286, -0.99990350963708552, -0.013855123518389946, 0.0010034778167691512, 0.013555600328983083, -0.98896991020470537, -0.14749495723385683]
t_camera2gimbal: [0.15191571562965309, 0.0050418462464569408, 0.09244052887938152]


model: assets/tiny_resnet.onnx

threshold: 150
max_angle_error: 45 # degree
min_lightbar_ratio: 2
max_lightbar_ratio: 20
min_lightbar_length: 8
min_armor_ratio: 1
max_armor_ratio: 5
max_side_ratio: 1.3
max_rectangular_error: 25 # degree
# min_confidence: 0.8

min_detect_count: 20
max_temp_lost_count: 10

yaw_offset: 0.85 # degree -right
pitch_offset: 0.7 # degree +up
direction: -1
comming_angle: 60 # degree
leaving_angle: 10 # degree
shoot_delay: 0.083 #0.52
mouse_to_fire: 0.06

camera_name: "hikrobot"
exposure_ms: 3.5
gain: 16.5
vid_pid: "2bdf:0001"

#####-----神经网络参数-----#####
classify_model: assets/tiny_resnet.onnx
model_path: assets/last.xml
device: AUTO
min_confidence: 0.8

#####-----新增的ROI-----#####
roi:
  x: 240
  y: 0
  width: 960 # 1440 in full
  height: 960

max_fire_error_yaw: 0.2 
max_fire_error_pitch: 0.1
max_shoot_angle: 40
