enemy_color: "blue"
# enemy_color: "red"

R_gimbal2imubody: [0, 1, 0, -1, 0, 0, 0, 0, 1]

# 重投影误差: 0.1541px
camera_matrix: [2387.2147932242888, 0, 686.34524678747948, 0, 2387.4543829926574, 558.14351239364782, 0, 0, 1]
distort_coeffs: [-0.01687008657547975, -0.0033348779669969838, 0.0015597112269685094, -0.0043794657500283267, 0]

# 相机同理想情况的偏角: yaw-1.96 pitch-14.63 roll2.02 degree
R_camera2gimbal: [0.025252513363553837, -0.25339644609557527, 0.96703285966659658, -0.99909722060560258, 0.026659828194520108, 0.033075630588054704, -0.034162177140550115, -0.96699508513061772, -0.25249445733767462]
t_camera2gimbal: [0.15534974944089203, 0.0080373454275713373, 0.082417470891242031]


model: assets/tiny_resnet.onnx

threshold: 150
max_angle_error: 45 # degree
min_lightbar_ratio: 2
max_lightbar_ratio: 20
min_lightbar_length: 8
min_armor_ratio: 1
max_armor_ratio: 5
max_side_ratio: 1.3
max_rectangular_error: 25 # degree
min_confidence: 0.8

min_detect_count: 5
max_temp_lost_count: 10

yaw_offset: 0.38 # degree -right
pitch_offset: 0.35 # degree +up
direction: -1
comming_angle: 60 # degree
leaving_angle: 10 # degree
shoot_delay: 0.095 #0.52
mouse_to_fire: 0.06

camera_name: "hikrobot"
exposure_ms: 3
gain: 16.5
vid_pid: "2bdf:0001"

#####-----神经网络参数-----#####
classify_model: assets/tiny_resnet.onnx
model_path: assets/last.xml
device: AUTO
min_confidence: 0.8

#####-----新增的ROI-----#####
roi:
  x: 240
  y: 0
  width: 960 # 1440 in full
  height: 960

max_fire_error_yaw: 0.2 
max_fire_error_pitch: 0.1
max_shoot_angle: 60 
