enemy_color: "blue"
# enemy_color: "red"

R_gimbal2imubody: [0, 1, 0, -1, 0, 0, 0, 0, 1]

# 重投影误差: 0.1576px
camera_matrix: [2441.6690177460059, 0, 772.46535486227981, 0, 2442.3490610816116, 544.04751731640772, 0, 0, 1]
distort_coeffs: [-0.037255083620226198, 0.11112974147297873, -0.0011211864776042313, 0.0040052998588710094, 0]

# 相机同理想情况的偏角: yaw-0.23 pitch-10.36 roll2.46 degree
# 标定板到世界坐标系原点的水平距离: 1.17 m
# 标定板同竖直摆放时的偏角: yaw-24.48 pitch1.45 roll2.52 degree
R_camera2gimbal: [-0.0037652878240577304, -0.17975906264721331, 0.98370346243357165, -0.99910203211462434, 0.042190426831323687, 0.0038855254752446942, -0.042201327372845251, -0.98280549819381147, -0.1797565038822907]
t_camera2gimbal: [0.053962985830143563, -0.01985406381948595, 0.10112272939750104]


# model: assets/tiny_resnet.onnx

threshold: 150
max_angle_error: 45 # degree
min_lightbar_ratio: 2
max_lightbar_ratio: 20
min_lightbar_length: 8
min_armor_ratio: 1
max_armor_ratio: 5
max_side_ratio: 1.3
max_rectangular_error: 25 # degree
# min_confidence: 0.8

min_detect_count: 20
max_temp_lost_count: 10

yaw_offset: 0.40 # degree -right
pitch_offset: 0.04 # degree +up
direction: -1
comming_angle: 60 # degree
leaving_angle: 10 # degree
shoot_delay: 0.115 #0.52
mouse_to_fire: 0.06

camera_name: "hikrobot"
exposure_ms: 2.0
gain: 16.5
vid_pid: "2bdf:0001"

#####-----神经网络参数-----#####
classify_model: assets/tiny_resnet.onnx
model_path: assets/last.xml
yolo11_model_path: assets/yolo11.xml
yolov8_model_path: assets/yolov8.xml
device: AUTO
min_confidence: 0.8
yolo_name: yolov5
yolov5_model_path: assets/yolov5.xml

#####-----ROI-----#####
use_roi: true
roi:
  x: 240
  y: 0
  width: 960 # 1440 in full
  height: 960

max_fire_error_yaw: 0.2 
max_fire_error_pitch: 0.1
max_shoot_angle: 40

#####-----吊射所需数据-----#####
target_x: 0.0
target_y: 0.0
target_z: 0.0

bullet_speed: 15.6  # m/s
rho: 1.285          # kg/m**3 空气密度
C: 0.485            #         空气阻力系数  
BigBulletRadius: 0.02165
m: 0.041
g: 9.794
PI: 3.1415926
# 目标点图中坐标
base_position: [-11.17, -15.04, 1.514593]
hero_on_center: 0.27     
hero_on_bottom: 0.58      
