# enemy_color: "blue"
enemy_color: "red"

R_gimbal2imubody: [0, 1, 0, -1, 0, 0, 0, 0, 1]

# 重投影误差: 0.1769px
camera_matrix: [2379.676235334151, 0, 782.03053758247904, 0, 2382.2721193206094, 520.08254993812056, 0, 0, 1]
distort_coeffs: [-0.028563213181553884, 0.10214543320084286, -0.002421046087840756, 0.0045144215185173101, 0]

# 相机同理想情况的偏角: yaw1.38 pitch-15.32 roll-3.01 degree
R_camera2gimbal: [-0.010169647672226806, -0.26508754891616165, 0.96417071604350491, -0.998667136104745, -0.046101167471982701, -0.023208481683785906, 0.050601675175523525, -0.96312162978895977, -0.26426539066266141]
t_camera2gimbal: [0.1952533333647832, -0.0060434503591062991, 0.091500818885876925]


model: assets/tiny_resnet.onnx

threshold: 150
max_angle_error: 45 # degree
min_lightbar_ratio: 2
max_lightbar_ratio: 20
min_lightbar_length: 8
min_armor_ratio: 1
max_armor_ratio: 5
max_side_ratio: 1.3
max_rectangular_error: 25 # degree
min_confidence: 0.8

min_detect_count: 5
max_temp_lost_count: 20

yaw_offset: 0.82 # degree -right
pitch_offset: 0.5 # degree +up
direction: -1
comming_angle: 60 # degree
leaving_angle: 10 # degree
shoot_delay: 0.095 #0.52
mouse_to_fire: 0.06

camera_name: "hikrobot"
exposure_ms: 5
gain: 16.5

#####-----神经网络参数-----#####
classify_model: assets/tiny_resnet.onnx
model_path: assets/last.xml
device: AUTO
min_confidence: 0.8

#####-----新增的ROI-----#####
roi:
  x: 240
  y: 0
  width: 960 # 1440 in full
  height: 960

max_fire_error_yaw: 0.2 
max_fire_error_pitch: 0.1
max_shoot_angle: 60 