# enemy_color: "red"
enemy_color: "blue"

R_gimbal2imubody: [-1, 0, 0, 0, -1, 0, 0, 0, 1]

# 重投影误差: 0.1491px
camera_matrix: [1640.1776099831361, 0, 623.1157103952138, 0, 1645.1715426585338, 525.65165481249289, 0, 0, 1]
distort_coeffs: [-0.47916465067388919, 0.23572941114398516, -0.0050602979780598181, 0.00030834345337700536, 0]

# 相机同理想情况的偏角: yaw0.34 pitch-2.46 roll-2.42 degree
# 标定板到世界坐标系原点的水平距离: 1.22 m
# 标定板同竖直摆放时的偏角: yaw46.33 pitch8.29 roll-1.74 degree
R_camera2gimbal: [-0.0041648868561441248, -0.043064158253902064, 0.99906362759904266, -0.99910137731602056, -0.041961315019166015, -0.0059737665750167947, 0.04217927883103257, -0.99819072642243334, -0.042850695695038792]
t_camera2gimbal: [0.19016102420451239, -0.00024389083141723288, 0.043298503157791997]

# classify_model: "assets/tiny_resnet.onnx"
classify_model: "assets/classify_net.onnx"


threshold: 165
max_angle_error: 45 # degree
min_lightbar_ratio: 2
max_lightbar_ratio: 20
min_lightbar_length: 8
min_armor_ratio: 1
max_armor_ratio: 5
max_side_ratio: 1.3
max_rectangular_error: 25 # degree
min_confidence: 0.8

min_detect_count: 5
max_temp_lost_count: 50

yaw_offset: 0.2 # degree -right
pitch_offset: 0.7 # degree +up
comming_angle: 60 # degree
leaving_angle: 10 # degree
shoot_delay: 0.1 #0.52

camera_name: "hikrobot"
exposure_ms: 5
gain: 16.98
