# enemy_color: "blue"
enemy_color: "red"

R_gimbal2imubody: [0, 1, 0, -1, 0, 0, 0, 0, 1]

# 重投影误差: 0.1561px
camera_matrix: [2374.7960561484601, 0, 725.22773943699656, 0, 2379.2011879327283, 566.20273332319096, 0, 0, 1]
distort_coeffs: [-0.035428427684218014, 0.13677359489651, 0.0022629394385435555, -0.0015485430098798542, 0]

# 相机同理想情况的偏角: yaw-0.30 pitch-7.68 roll-3.91 degree
R_camera2gimbal: [0.014354490036950765, -0.13301430844211859, 0.99101016259443286, -0.99760637032066179, -0.068953180508604023, 0.0051950739534817178, 0.067642283458006908, -0.98871262389402736, -0.13368570918828179]
t_camera2gimbal: [0.15017696013333232, 0.0027972175536544346, 0.092258927884909733]


model: assets/tiny_resnet.onnx

threshold: 150
max_angle_error: 45 # degree
min_lightbar_ratio: 2
max_lightbar_ratio: 20
min_lightbar_length: 8
min_armor_ratio: 1
max_armor_ratio: 5
max_side_ratio: 1.3
max_rectangular_error: 25 # degree
# min_confidence: 0.8

min_detect_count: 20
max_temp_lost_count: 10

yaw_offset: 0.65 # degree -right
pitch_offset: -0.9 # degree +up
direction: -1
comming_angle: 60 # degree
leaving_angle: 10 # degree
shoot_delay: 0.095 #0.52
mouse_to_fire: 0.06

camera_name: "hikrobot"
exposure_ms: 2
gain: 16.5
vid_pid: "2bdf:0001"

#####-----神经网络参数-----#####
classify_model: assets/tiny_resnet.onnx
model_path: assets/last.xml
device: AUTO
min_confidence: 0.95

#####-----新增的ROI-----#####
roi:
  x: 240
  y: 0
  width: 960 # 1440 in full
  height: 960

max_fire_error_yaw: 0.2 
max_fire_error_pitch: 0.1
max_shoot_angle: 40
