# enemy_color: "blue"
enemy_color: "red"

R_gimbal2imubody: [0, 1, 0, -1, 0, 0, 0, 0, 1]

# 重投影误差: 0.1714px
camera_matrix: [2336.8747141497033, 0, 731.75316240497511, 0, 2341.7695512231685, 528.09897954384235, 0, 0, 1]
distort_coeffs: [-0.01531661656231261, 0.0023598565927001221, 0.0007067488226429351, -0.0017562324455039577, 0]

# 相机同理想情况的偏角: yaw1.92 pitch-15.86 roll-6.90 degree
R_camera2gimbal: [-0.00053679967721660552, -0.27521605848371172, 0.96138225123974275, -0.99330379073032116, -0.11092223561915637, -0.032308465856836527, 0.11553047722086393, -0.95496197767133018, -0.27331361114145208]
t_camera2gimbal: [0.23938598868513136, -0.0042472296642928611, 0.0763962265116888]


model: assets/tiny_resnet.onnx

threshold: 150
max_angle_error: 45 # degree
min_lightbar_ratio: 2
max_lightbar_ratio: 20
min_lightbar_length: 8
min_armor_ratio: 1
max_armor_ratio: 5
max_side_ratio: 1.3
max_rectangular_error: 25 # degree
min_confidence: 0.8

min_detect_count: 5
max_temp_lost_count: 20

yaw_offset: 0.97 # degree -right
pitch_offset: 0.5 # degree +up
direction: -1
comming_angle: 60 # degree
leaving_angle: 10 # degree
shoot_delay: 0.095 #0.52
mouse_to_fire: 0.06

camera_name: "hikrobot"
exposure_ms: 3
gain: 16.5

#####-----神经网络参数-----#####
classify_model: assets/tiny_resnet.onnx
model_path: assets/last.xml
device: AUTO
min_confidence: 0.8

#####-----新增的ROI-----#####
roi:
  x: 240
  y: 0
  width: 960 # 1440 in full
  height: 960

max_fire_error_yaw: 0.2 
max_fire_error_pitch: 0.1
max_shoot_angle: 60 