# enemy_color: "blue"
enemy_color: "red"

R_gimbal2imubody: [0, 1, 0, -1, 0, 0, 0, 0, 1]

# 重投影误差: 0.1163px
camera_matrix: [3637.7109807339057, 0, 429.90560659872358, 0, 3641.0929221714173, 849.87888593269815, 0, 0, 1]
distort_coeffs: [-0.016278704388422841, 0.20656726151744312, 0.0059288961301973385, -0.0078053782037311578, 0]

# 相机同理想情况的偏角: yaw-0.91 pitch-6.88 roll2.59 degree
# 标定板到世界坐标系原点的水平距离: 2.20 m
# 标定板同竖直摆放时的偏角: yaw-158.19 pitch-0.85 roll2.34 degree
R_camera2gimbal: [0.010439086435712197, -0.12027721585828019, 0.99268545714126821, -0.99894071314127642, 0.043238685096716502, 0.015743815925788884, -0.044816036227959592, -0.99179826953694949, -0.11969843541302649]
t_camera2gimbal: [0.11732176763587918, 0.087854092067650172, 0.039610646093836376]


# model: assets/tiny_resnet.onnx

threshold: 150
max_angle_error: 45 # degree
min_lightbar_ratio: 2
max_lightbar_ratio: 20
min_lightbar_length: 8
min_armor_ratio: 1
max_armor_ratio: 5
max_side_ratio: 1.3
max_rectangular_error: 25 # degree
# min_confidence: 0.8

min_detect_count: 20
max_temp_lost_count: 10

yaw_offset: 1.8 # degree -right
pitch_offset: -1.75 # degree +up
direction: -1
comming_angle: 60 # degree
leaving_angle: 10 # degree
shoot_delay: 0.11 # 从自瞄发出命令，到摩擦轮掉速度的时间
mouse_to_fire: 0.145

camera_name: "hikrobot"
exposure_ms: 2.5
gain: 16.5
vid_pid: "2bdf:0001"
rotate: true

#####-----神经网络参数-----#####
classify_model: assets/tiny_resnet.onnx
model_path: assets/last.xml
yolo11_model_path: assets/yolo11.xml
yolov8_model_path: assets/yolov8.xml
device: GPU
min_confidence: 0.8
yolo_name: yolov5
yolov5_model_path: assets/yolov5.xml

#####-----ROI-----#####
use_roi: false
roi:
  x: 0
  y: 0
  width: -1 # 1440 in full
  height: -1

max_fire_error_yaw: 0.2 
max_fire_error_pitch: 0.1
max_shoot_angle: 40

#####-----吊射所需数据-----#####
target_x: 0.0
target_y: 0.0
target_z: 0.0

bullet_speed: 15.6  # m/s
rho: 1.285          # kg/m**3 空气密度
C: 0.485            #         空气阻力系数  
BigBulletRadius: 0.02165
m: 0.041
g: 9.794
PI: 3.1415926
# 目标点图中坐标
base_position: [-0.686302, -8.199907, 0.184034]