enemy_color: "blue"
# enemy_color: "red"

R_gimbal2imubody: [0, 1, 0, -1, 0, 0, 0, 0, 1]

# 重投影误差: 0.2016px
camera_matrix: [3281.1194891950627, 0, 787.72720411958494, 0, 3296.2006367946055, 618.34108021512577, 0, 0, 1]
distort_coeffs: [-0.031611286752727612, 0.3744100186381652, -0.0015923756294617532, 0.0045630893276015572, 0]

# 相机同理想情况的偏角: yaw2.81 pitch-1.40 roll4.65 degree
# 标定板到世界坐标系原点的水平距离: 1.87 m
# 标定板同竖直摆放时的偏角: yaw106.25 pitch14.90 roll5.17 degree
R_camera2gimbal: [-0.050894480983402463, -0.020295713066050915, 0.99849778960024271, -0.99541054016021724, 0.082160055754202793, -0.049067115020254071, -0.081040781976574161, -0.9964124694470694, -0.024384060101192002]
t_camera2gimbal: [0.50880074162854561, 0.040571784393383034, 0.0071977492356469514]


# model: assets/tiny_resnet.onnx

threshold: 150
max_angle_error: 45 # degree
min_lightbar_ratio: 2
max_lightbar_ratio: 20
min_lightbar_length: 8
min_armor_ratio: 1
max_armor_ratio: 5
max_side_ratio: 1.3
max_rectangular_error: 25 # degree
# min_confidence: 0.8

min_detect_count: 20
max_temp_lost_count: 10

yaw_offset: 3.0 # degree -right
pitch_offset: 0.9 # degree +up
direction: -1
comming_angle: 60 # degree
leaving_angle: 10 # degree
shoot_delay: 0.08 #0.52
mouse_to_fire: 0.145

camera_name: "hikrobot"
exposure_ms: 2.5
gain: 16.5
vid_pid: "2bdf:0001"

#####-----神经网络参数-----#####
classify_model: assets/tiny_resnet.onnx
model_path: assets/last.xml
yolo11_model_path: assets/yolo11.xml
yolov8_model_path: assets/yolov8.xml
device: GPU
min_confidence: 0.8
yolo_name: yolov5
yolov5_model_path: assets/yolov5.xml

#####-----ROI-----#####
use_roi: true
roi:
  x: 0
  y: 0
  width: -1 # 1440 in full
  height: -1

max_fire_error_yaw: 0.2 
max_fire_error_pitch: 0.1
max_shoot_angle: 40
