enemy_color: "blue"
# enemy_color: "red"

R_gimbal2imubody: [0, 1, 0, -1, 0, 0, 0, 0, 1]

# 重投影误差: 0.1047px
camera_matrix: [3462.3384596664364, 0, 406.59610725024356, 0, 3461.4225797883632, 773.49366268965593, 0, 0, 1]
distort_coeffs: [-0.033536532943021689, 0.21606117253282708, 0.0016507323910195724, -0.0078150056283465916, 0]

# 相机同理想情况的偏角: yaw-0.58 pitch-6.65 roll3.43 degree
# 标定板到世界坐标系原点的水平距离: 2.50 m
# 标定板同竖直摆放时的偏角: yaw47.27 pitch4.56 roll3.62 degree
R_camera2gimbal: [0.0030894748073682621, -0.11624875392343266, 0.99321532527275425, -0.99822454722795828, 0.058721320508682756, 0.0099779671904566426, -0.059482841702056512, -0.99148274504852862, -0.11586094171066598]
t_camera2gimbal: [0.27574654189883785, 0.10134179021759918, 0.050583995917665242]


# model: assets/tiny_resnet.onnx

threshold: 150
max_angle_error: 45 # degree
min_lightbar_ratio: 2
max_lightbar_ratio: 20
min_lightbar_length: 8
min_armor_ratio: 1
max_armor_ratio: 5
max_side_ratio: 1.3
max_rectangular_error: 25 # degree
# min_confidence: 0.8

min_detect_count: 20
max_temp_lost_count: 10

yaw_offset: 1.3 # degree -right
pitch_offset: -0.38 # degree +up
direction: -1
comming_angle: 60 # degree
leaving_angle: 10 # degree
shoot_delay: 0.104 # 从自瞄发出命令，到摩擦轮掉速度的时间
mouse_to_fire: 0.145

camera_name: "hikrobot"
exposure_ms: 1.8
gain: 16.5
vid_pid: "2bdf:0001"
rotate: true

#####-----神经网络参数-----#####
classify_model: assets/tiny_resnet.onnx
model_path: assets/last.xml
yolo11_model_path: assets/yolo11.xml
yolov8_model_path: assets/yolov8.xml
device: GPU
min_confidence: 0.8
yolo_name: yolov5
yolov5_model_path: assets/yolov5.xml

#####-----ROI-----#####
use_roi: false
roi:
  x: 0
  y: 0
  width: -1 # 1440 in full
  height: -1

max_fire_error_yaw: 0.2 
max_fire_error_pitch: 0.1
max_shoot_angle: 40

#####-----吊射所需数据-----#####
target_x: 0.0
target_y: 0.0
target_z: 0.0

bullet_speed: 15.6  # m/s
rho: 1.285          # kg/m**3 空气密度
C: 0.485            #         空气阻力系数  
BigBulletRadius: 0.02165
m: 0.041
g: 9.794
PI: 3.1415926

hero_on_center: 0.33
hero_on_bottom: 0.72  #0.34 
# 目标点图中坐标
base_position: [5.90, -15.62, 3.450844]