enemy_color: "blue"
# enemy_color: "red"

R_gimbal2imubody: [0, -1, 0, 1, 0, 0, 0, 0, 1]

# 重投影误差: 0.1389px
camera_matrix: [2566.7391257103741, 0, 806.77939911661861, 0, 2569.7158739432389, 507.41324974649234, 0, 0, 1]
distort_coeffs: [-0.16029610692958901, 0.14781397543291738, -0.000624299365349085, -0.00013604326126562645, 0]

# 相机同理想情况的偏角: yaw0.19 pitch-9.02 roll-4.10 degree
R_camera2gimbal: [0.0078705365390642559, -0.15658136765608838, 0.98763370231960823, -0.99747446306161247, -0.070949340509925254, -0.0032994880140057633, 0.070588598190749891, -0.98511342818182901, -0.15674432500511559]
t_camera2gimbal: [0.13990558307337181, -0.073785072653870368, 0.15283084917076614]

model: assets/tiny_resnet.onnx

threshold: 150
max_angle_error: 45 # degree
min_lightbar_ratio: 2
max_lightbar_ratio: 20
min_lightbar_length: 8
min_armor_ratio: 1
max_armor_ratio: 5
max_side_ratio: 1.3
max_rectangular_error: 25 # degree
min_confidence: 0.8

min_detect_count: 5
max_temp_lost_count: 20

yaw_offset: 0.5 # degree -right
pitch_offset: 2.8 # degree +up
comming_angle: 60 # degree
leaving_angle: 10 # degree
shoot_delay: 0.2 #0.52

camera_name: "hikrobot"
exposure_ms: 8
gain: 16.98

#####-----神经网络参数-----#####
classify_model: assets/tiny_resnet.onnx
model_path: assets/last.xml
device: AUTO
min_confidence: 0.8

#####-----新增的ROI-----#####
roi:
  x: 420
  y: 50
  width: 600
  height: 600
