R_gimbal2imu: [0, 0, 1, 1, 0, 0, 0, 1, 0]
# 云台坐标系方向与相机一样，imu z轴向下，x轴与炮管方向一样，y轴向操作手右手边


# 重投影误差: 0.0258px
camera_matrix: [1650.5693178279687, 0.0, 642.1157815869858, 0.0, 1651.1493758734318, 520.8245852926152, 0.0, 0.0, 1.0]
distortion_coeffs: [-0.49058344276059324, 0.35670287750830637, -0.0028462651720275673, 0.0010381728580505319, -0.3027436536427579]

# R_camera2gimbal: [1, 0, 0, 0, 1, 0, 0, 0, 1]
R_camera2gimbal: [0.9999941737974147, -0.0020017841241787813, 0.0027650011837269278, 0.002036793812128234, 0.9999170550928724, -0.012717484238813477, -0.0027393141829117847, 0.01272304188147547, 0.9999153065950583]
t_camera2gimbal: [-0.0004843357023401955, 0.062636469719758225, 0.16678727570110252]

model: "assets/best-sim.onnx"

# max_lightbar_angle: 45 # degree
# min_lightbar_ratio: 2
# max_lightbar_ratio: 10
# min_armor_ratio: 1
# max_armor_ratio: 5
# max_side_ratio: 2
# min_confidence: 0.8
yaw_offset: 0.0 # degree
pitch_offset: -0.5 # degree
