PnP_points_in_arena:
  - [-0.6975726, 5.1814797, 0.003]
  - [1.793017, 5.1816766, 0.003]
  - [2.9191363, -3.6256623, 0.003]
  - [-3.916991, -11.0752376, 0.403]  # 111,112,67,54

# 重投影误差: 0.2479px
camera_matrix: [1751.2693111560345, 0, 611.37593106649058, 0, 1747.6859509033081, 479.23185397061349, 0, 0, 1]
distort_coeffs: [-0.51440332115356535, 0.24868888053154639, 0.005581615954342466, 0.0011061193258461951, 0]

points: "assets/vertices_24.csv"

triangles: "assets/triangles_24.csv"

robot_model_path: "assets/robot_11s.onnx"
device: AUTO
min_confidence: 0.8
