enemy_color: "red"
# enemy_color: "blue"

pattern_cols: 10
pattern_rows: 7
center_distance_mm: 40


R_gimbal2imubody: [1, 0, 0, 0, 1, 0, 0, 0, 1]

# 重投影误差: 0.1944px
camera_matrix: [1295.4665175006589, 0, 655.71498478800618, 0, 1297.2591156991834, 506.21320670125334, 0, 0, 1]
distort_coeffs: [-0.48599095566724387, 0.23999516531343185, -0.00029018466701866776, -0.00083639963030895752, 0]

# 相机同理想情况的偏角: yaw-2.64 pitch-3.20 roll-0.77 degree
# 标定板到世界坐标系原点的水平距离: 1.45 m
# 标定板同竖直摆放时的偏角: yaw90.85 pitch8.54 roll-0.32 degree
R_camera2gimbal: [0.046736929626455238, -0.055211941324114208, 0.99738021884550865, -0.99881598162461238, -0.016078770676278314, 0.0459141370909011, 0.013501639172863072, -0.99834518813322415, -0.055898041744621867]
t_camera2gimbal: [0.27420934670256336, 0.0098763306562371159, 0.043798385984197351]


model: "assets/mlp.onnx"

threshold: 130
max_angle_error: 45 # degree
min_lightbar_ratio: 2
max_lightbar_ratio: 10
min_armor_ratio: 1
max_armor_ratio: 5
max_side_ratio: 2
max_rectangular_error: 25 # degree
min_confidence: 0.8

min_detect_count: 5
max_temp_lost_count: 15

yaw_offset: -3.2 # degree -2.5
pitch_offset: 2 # degree 2
comming_angle: 60 # degree
leaving_angle: 20 # degree
min_spin_speed: 2 # rad/s