enemy_color: "red"
# enemy_color: "blue"


camera_name: "hikrobot"
exposure_ms: 2
gain: 16.9
vid_pid: "2bdf:0001"

# -1  0  0
#  0 -1  0
#  0  0  1
R_gimbal2imubody: [-1, 0, 0, 0, -1, 0, 0, 0, 1]

# 重投影误差: 0.1077px
camera_matrix: [1783.1352455869924, 0, 712.25232126543733, 0, 1791.4823798103048, 573.49956992910597, 0, 0, 1]
distort_coeffs: [-0.078807913877987926, 0.15574954821119635, 0.00073002566867448159, 0.001210731408502146, 0]

# 相机同理想情况的偏角: yaw2.50 pitch-4.72 roll2.13 degree
R_camera2gimbal: [-0.046688242480313003, -0.080470535390043937, 0.99566294545299772, -0.99822331730532432, 0.040697652227314141, -0.043519075026227511, -0.037019141022629175, -0.99592579745542498, -0.082227666637953334]
t_camera2gimbal: [0.14816386746905794, 0.096371592867113956, 0.025967577445711799]


model: "assets/best2-sim.onnx"
classify_model: "assets/tiny_resnet.onnx"

threshold: 150
max_angle_error: 45 # degree
min_lightbar_ratio: 2
max_lightbar_ratio: 20
min_lightbar_length: 8
min_armor_ratio: 1
max_armor_ratio: 5
max_side_ratio: 1.5
max_rectangular_error: 25 # degree
min_confidence: 0.8

min_detect_count: 5
max_temp_lost_count: 10

yaw_offset: -1.0 # degree
pitch_offset: -0.1 # degree
comming_angle: 50 # degree
leaving_angle: 30 # degree
