camera_name: "hikrobot"
exposure_ms: 3
gain: 16

enemy_color: "red"
#enemy_color: "blue"

classify_model: "assets/tiny_resnet.onnx"

# model: "assets/buff.onnx"  # IOU:0.80  0.63      30FPS
# model: "assets/2ns_int8_openvino_model2/2ns_int8.xml"  # IOU: 0.82   0.75

model: "assets/buff_25/best_int8_openvino_model/best.xml"     # IOU: 
# model: "assets/buff_25/best_openvino_model/best.xml"     # IOU: 
# model: "assets/buff_25/buff_int8_openvino_model_1/best.xml"     # IOU: 

threshold: 150
max_angle_error: 45 # degree
min_lightbar_ratio: 2
max_lightbar_ratio: 20
min_lightbar_length: 8
min_armor_ratio: 1
max_armor_ratio: 5
max_side_ratio: 1.5
max_rectangular_error: 25 # degree
min_confidence: 0.8

min_detect_count: 5
max_temp_lost_count: 10

yaw_offset: 0.0 # degree
pitch_offset: -0.5 # degree
comming_angle: 50 # degree
leaving_angle: 30 # degree

camera_name: "mindvision"
exposure_ms: 3
gamma: 0.5
vid_pid: "f622:d13a"

# R_gimbal2imubody: [0, -1, 0, 1, 0, 0, 0, 0, 1]
R_gimbal2imubody: [-1, 0, 0, 0, -1, 0, 0, 0, 1]

# 重投影误差: 0.1639px
camera_matrix: [1289.9111320853435, 0, 640.66108729366988, 0, 1291.4074714958415, 532.05088737017707, 0, 0, 1]
distort_coeffs: [-0.47833116204273612, 0.22131620240120414, -0.00095515474917289879, -0.00092297749760235619, 0]

#  相机同理想情况的偏角: yaw-0.57 pitch-0.29 roll-5.77 degree
R_camera2gimbal: [0.010455731760306897, -0.0040088159841408033, 0.99993730156833427, -0.99487892848526049, -0.10057795654545942, 0.0099996156505904859, 0.10053156384626842, -0.99492110443569592, -0.0050399026854357487]
t_camera2gimbal: [0.10466693417014981, 0.092959046695875139, 0.054218283455773411]