enemy_color: "red"
# enemy_color: "blue"

#  0 -1  0
#  1  0  0
#  0  0  1
R_gimbal2imubody: [0, -1, 0, 1, 0, 0, 0, 0, 1]

# 重投影误差: 0.2252px
camera_matrix: [1287.6868875572891, 0, 629.20498650785794, 0, 1289.1207931680676, 507.8704818478659, 0, 0, 1]
distort_coeffs: [-0.47951318331844128, 0.2222668136934004, 0.0010810366766304258, 0.00079171486526874544, 0]

# 相机同理想情况的偏角: yaw-3.16 pitch0.02 roll-1.66 degree
# 标定板到世界坐标系原点的水平距离: 1.11 m
# 标定板同竖直摆放时的偏角: yaw12.81 pitch4.23 roll-1.49 degree
R_camera2gimbal: [0.055144290466411956, 0.0019712741005728793, 0.99847645005146501, -0.99805571190918951, -0.028985400456127325, 0.055178279112698778, 0.029050011263283156, -0.99957789123150309, 0.0003690620337785909]
t_camera2gimbal: [0.11430643091981531, 0.010003794137827008, 0.05064200291656578]

model: "assets/best2-sim.onnx"
classify_model: "assets/tiny_resnet.onnx"

threshold: 150
max_angle_error: 45 # degree
min_lightbar_ratio: 2
max_lightbar_ratio: 20
min_lightbar_length: 8
min_armor_ratio: 1
max_armor_ratio: 5
max_side_ratio: 1.5
max_rectangular_error: 25 # degree
min_confidence: 0.8

min_detect_count: 5
max_temp_lost_count: 10

yaw_offset: -1.0 # degree
pitch_offset: -0.1 # degree
comming_angle: 50 # degree
leaving_angle: 30 # degree

camera_name: "mindvision"
exposure_ms: 3
gamma: 0.5
vid_pid: "f622:d13a"