camera_name: "hikrobot"
exposure_ms: 3
gain: 16

enemy_color: "red"
#enemy_color: "blue"

classify_model: "assets/tiny_resnet.onnx"

# model: "assets/buff.onnx"  # IOU:0.80  0.63      30FPS
# model: "assets/2ns_int8_openvino_model2/2ns_int8.xml"  # IOU: 0.82   0.75

model: "assets/buff_25/best_int8_openvino_model/best.xml"     # IOU: 
# model: "assets/buff_25/best_openvino_model/best.xml"     # IOU: 
# model: "assets/buff_25/buff_int8_openvino_model_1/best.xml"     # IOU: 

threshold: 150
max_angle_error: 45 # degree
min_lightbar_ratio: 2
max_lightbar_ratio: 20
min_lightbar_length: 8
min_armor_ratio: 1
max_armor_ratio: 5
max_side_ratio: 1.5
max_rectangular_error: 25 # degree
min_confidence: 0.8

min_detect_count: 5
max_temp_lost_count: 10

yaw_offset: 0.0 # degree
pitch_offset: -0.5 # degree
comming_angle: 50 # degree
leaving_angle: 30 # degree

camera_name: "mindvision"
exposure_ms: 3
gamma: 0.5
vid_pid: "f622:d13a"

R_gimbal2imubody: [0, -1, 0, 1, 0, 0, 0, 0, 1]
# R_gimbal2imubody: [-1, 0, 0, 0, -1, 0, 0, 0, 1]

# 重投影误差: 0.1139px
camera_matrix: [1662.2291666047468, 0, 632.49165650792327, 0, 1665.2446521115799, 525.15966578247196, 0, 0, 1]
distort_coeffs: [-0.48116517853073804, 0.24128884799628889, -0.003098440081953438, 0.0015508443119455063, 0]


# 相机同理想情况的偏角: yaw-0.54 pitch1.44 roll-1.23 degree
R_camera2gimbal: [0.0087958541095685128, 0.025405290353289194, 0.99963853675843661, -0.99973251961082155, -0.021160272223539334, 0.0093344583144423683, 0.021389768186718092, -0.99945325758711234, 0.025212372268941241]
t_camera2gimbal: [0.15755228576785907, 0.00070179754807746166, 0.050827832321558707]