# enemy_color: "red"
enemy_color: "blue"


#####-----神经网络参数-----#####
classify_model: assets/tiny_resnet.onnx
model_path: assets/last.xml
device: AUTO

#####-----工业相机参数-----#####
camera_name: "mindvision"
exposure_ms: 2
gamma: 0.5
vid_pid: "f622:d13a"

#####-----传统方法参数-----#####
threshold: 150
max_angle_error: 45 # degree
min_lightbar_ratio: 1.5
max_lightbar_ratio: 20
min_lightbar_length: 8
min_armor_ratio: 1
max_armor_ratio: 5
max_side_ratio: 1.5
max_rectangular_error: 25 # degree
min_confidence: 0.8

#####-----cboard参数-----#####
quaternion_canid: 0x100
bullet_speed_canid: 0x101
send_canid: 0xff
can_interface: "can0"

#####-----tracker参数-----#####
min_detect_count: 5
max_temp_lost_count: 15
outpost_max_temp_lost_count: 25

#####-----aimer参数-----#####
yaw_offset: -1.5 # degree -2.5
pitch_offset: 0.8 # degree 2
coming_angle: 60 # degree
leaving_angle: 20 # degree
min_spin_speed: 2 # rad/s
delay_gimbal: 0.05
delay_shoot: 0.0
#####-----工业相机标定参数-----#####
R_gimbal2imubody: [-1, 0, 0, 0, -1, 0, 0, 0, 1]

# 重投影误差: 0.1639px
camera_matrix: [1289.9111320853435, 0, 640.66108729366988, 0, 1291.4074714958415, 532.05088737017707, 0, 0, 1]
distort_coeffs: [-0.47833116204273612, 0.22131620240120414, -0.00095515474917289879, -0.00092297749760235619, 0]

#  相机同理想情况的偏角: yaw-0.57 pitch-0.29 roll-5.77 degree
R_camera2gimbal: [0.010455731760306897, -0.0040088159841408033, 0.99993730156833427, -0.99487892848526049, -0.10057795654545942, 0.0099996156505904859, 0.10053156384626842, -0.99492110443569592, -0.0050399026854357487]
t_camera2gimbal: [0.10466693417014981, 0.092959046695875139, 0.054218283455773411]