enemy_color: "red"
#enemy_color: "blue"

#  0 -1  0
#  1  0  0
#  0  0  1
R_gimbal2imubody: [0, -1, 0, 1, 0, 0, 0, 0, 1]

# 重投影误差: 0.1281px
camera_matrix: [1653.3374425928116, 0, 643.16968498371057, 0, 1653.8094850661487, 516.86185779888012, 0, 0, 1]
distort_coeffs: [-0.47870471071469023, 0.24232828433628956, -0.0021671238713493832, -0.00029394153788307254, 0]

# 相机同理想情况的偏角: yaw-0.91 pitch0.34 roll-1.90 degree
# 标定板到世界坐标系原点的水平距离: 1.27 m
# 标定板同竖直摆放时的偏角: yaw-7.25 pitch8.81 roll0.04 degree
R_camera2gimbal: [0.015722706628389753, 0.0064187776631957801, 0.99985578749617088, -0.99932689005122843, -0.033047118885946934, 0.015926542433235782, 0.033144582013010487, -0.9994331829725529, 0.0058948669649344903]
t_camera2gimbal: [0.1637115205490865, -0.0019712031041839747, 0.04928083465275554]

model: "assets/best2-sim.onnx"
classify_model: "assets/tiny_resnet.onnx"

threshold: 150
max_angle_error: 45 # degree
min_lightbar_ratio: 2
max_lightbar_ratio: 20
min_lightbar_length: 8
min_armor_ratio: 1
max_armor_ratio: 5
max_side_ratio: 1.5
max_rectangular_error: 25 # degree
min_confidence: 0.8

min_detect_count: 5
max_temp_lost_count: 10

yaw_offset: 0.0 # degree
pitch_offset: -0.5 # degree
comming_angle: 50 # degree
leaving_angle: 30 # degree

camera_name: "mindvision"
exposure_ms: 3
gamma: 0.5
vid_pid: "f622:d13a"